  Ti001:     6: 15434, 983, 7556, 5039, 5912, 6844
  Ti002:     6: 79, 14720, 14893, 15523, 6628, 5842
  Ti003:     6: 5826, 966, 5997, 6707, 5899, 4923
  Ti004:     5: 4971, 15300, 5261, 853, 14936
  Ti005:     6: 4755, 6533, 5630, 15600, 15382, 5415
  Ti006:     5: 15358, 6785, 6764, 4963, 873
  Ti007:     6: 5343, 5871, 71, 6155, 5726, 6152
  Ti008:     6: 15214, 15348, 5678, 6719, 5375, 4698
  Ti009:     6: 5126, 6220, 14822, 15578, 313, 14710
  Ti010:     5: 6315, 15003, 6069, 15035, 5387
  Ti011:     6: 4549, 5204, 15548, 6188, 370, 99
  Ti012:     5: 15201, 6631, 797, 214, 14808
  Ti013:     6: 80, 5122, 5854, 14784, 14890, 5829
  Ti014:     5: 4839, 15209, 15563, 5378, 15205
  Ti015:     5: 5269, 6164, 4872, 5652, 5865
  Ti016:     5: 4822, 647, 6204, 119, 4808
  Ti017:     5: 6241, 15020, 676, 4852, 6604
  Ti018:     6: 14906, 6035, 5142, 463, 14998, 15147
  Ti019:     6: 6270, 15597, 15623, 6048, 5403, 5792
  Ti020:     6: 15582, 166, 6255, 6546, 15157, 4709
  Ti021:     6: 5731, 179, 6627, 508, 15005, 6571
  Ti022:     5: 6282, 15166, 5360, 6544, 6626
  Ti023:     6: 4779, 5634, 678, 5637, 15189, 15618
  Ti024:     5: 4622, 15137, 15632, 6377, 15011
  Ti025:     6: 4769, 15001, 15375, 844, 5148, 6752
  Ti026:     5: 6128, 14703, 14804, 5719, 302
  Ti027:     5: 5848, 5900, 962, 15238, 5929
  Ti028:     5: 44, 14705, 5860, 588, 14846
  Ti029:     5: 5018, 6073, 6819, 216, 6317
  Ti030:     6: 4722, 5569, 15104, 15143, 15148, 4775
  Ti031:     6: 5298, 465, 5275, 5438, 6427, 15055
  Ti032:     5: 14869, 5932, 441, 14728, 5350
  Ti033:     6: 6290, 4838, 4634, 5550, 5355, 501
  Ti034:     6: 5945, 15105, 128, 4537, 6213, 512
  Ti035:     5: 5016, 5728, 5740, 196, 903
  Ti036:     5: 14766, 15575, 14769, 396, 6343
  Ti037:     6: 5063, 15428, 934, 4933, 6858, 6730
  Ti038:     6: 5556, 14913, 15111, 6163, 606, 5535
  Ti039:     5: 6777, 4693, 15671, 917, 14914
  Ti040:     5: 184, 4648, 5312, 6278, 15628
  Ti041:     6: 6245, 5130, 14876, 14873, 15223, 5981
  Ti042:     5: 4633, 14927, 6041, 5619, 5281
  Ti043:     5: 68, 15075, 15512, 4574, 4603
  Ti044:     5: 199, 14951, 14993, 15643, 674
  Ti045:     6: 4671, 5483, 14787, 509, 6384, 73
  Ti046:     5: 4957, 5851, 15210, 15658, 5680
  Ti047:     6: 4598, 15510, 6183, 15543, 15072, 6360
  Ti048:     5: 4655, 15184, 397, 4663, 5789
  Ti049:     6: 5304, 15246, 6744, 14719, 5742, 15391
  Ti050:     5: 63, 6147, 14717, 15509, 5294
  Ti051:     6: 4778, 15207, 5067, 4909, 914, 6853
  Ti052:     5: 4637, 14862, 15132, 407, 5679
  Ti053:     5: 15231, 6854, 15443, 6861, 5064
  Ti054:     5: 5660, 15136, 14881, 4962, 15610
  Ti055:     5: 15431, 6830, 15014, 4810, 730
  Ti056:     6: 138, 14785, 4641, 100, 6225, 5259
  Ti057:     5: 5858, 15230, 6549, 15352, 4880
  Ti058:     5: 4535, 14828, 6303, 5183, 5351
  Ti059:     6: 174, 4843, 631, 6450, 4616, 14894
  Ti060:     5: 4737, 6038, 603, 5572, 188
  Ti061:     5: 169, 6259, 15613, 6264, 4927
  Ti062:     5: 4784, 15172, 15199, 15488, 4745
  Ti063:     5: 5037, 5406, 4819, 6828, 15426
  Ti064:     5: 4770, 4845, 15198, 15554, 6614
  Ti065:     6: 4908, 5921, 15361, 5033, 5045, 6843
  Ti066:     5: 4680, 5306, 5622, 6169, 6562
  Ti067:     5: 5749, 14962, 944, 5031, 15425
  Ti068:     5: 5279, 15142, 15529, 15572, 15125
  Ti069:     5: 4820, 6681, 14943, 720, 15028
  Ti070:     5: 4733, 4674, 4611, 6490, 96
  Ti071:     5: 4874, 15335, 5656, 6088, 15054
  Ti072:     5: 131, 14864, 6386, 6217, 5272
  Ti073:     6: 5813, 15289, 895, 6337, 15047, 227
  Ti074:     6: 4788, 15121, 15169, 4723, 5578, 4619
  Ti075:     6: 5457, 15260, 5014, 15377, 6078, 15049
  Ti076:     5: 83, 14815, 15592, 5131, 6397
  Ti077:     5: 5644, 156, 649, 5650, 6755
  Ti078:     5: 4556, 5257, 14771, 15601, 6246
  Ti079:     6: 6361, 6140, 15258, 15500, 506, 56
  Ti080:     5: 5448, 15098, 6580, 6297, 723
  Ti081:     5: 6157, 15517, 5109, 14696, 5219
  Ti082:     5: 4930, 15374, 15281, 828, 5973
  Ti083:     6: 66, 6150, 15122, 14872, 14801, 14700
  Ti084:     5: 14871, 15224, 5216, 5362, 114
  Ti085:     5: 4844, 5873, 5283, 894, 6011
  Ti086:     5: 6149, 14718, 15507, 14858, 260
  Ti087:     6: 6026, 15441, 1010, 5070, 1013, 5046
  Ti088:     5: 5671, 827, 5213, 5517, 65
  Ti089:     5: 6021, 15442, 6863, 15444, 5058
  Ti090:     6: 15290, 15263, 5688, 14920, 6536, 851
  Ti091:     5: 5022, 986, 5640, 6556, 15253
  Ti092:     5: 6184, 14714, 5244, 15544, 436
  Ti093:     5: 5314, 6670, 14706, 629, 14888
  Ti094:     5: 4558, 5462, 14761, 5808, 5111
  Ti095:     5: 6131, 15131, 15491, 304, 14919
  Ti096:     5: 14817, 6332, 5502, 6230, 5577
  Ti097:     5: 4747, 5519, 15009, 15252, 6029
  Ti098:     5: 14944, 15153, 769, 5668, 5529
  Ti099:     5: 5721, 15341, 5673, 897, 6596
  Ti100:     5: 110, 5330, 6194, 14898, 448
  Ti101:     5: 14988, 6001, 4828, 979, 4841
  Ti102:     5: 23, 5211, 14702, 294, 5785
  Ti103:     5: 5868, 15419, 908, 6835, 5894
  Ti104:     5: 85, 14751, 15570, 14694, 5252
  Ti105:     5: 5459, 5942, 15340, 15307, 15396
  Ti106:     5: 6180, 14757, 5218, 15540, 4533
  Ti107:     5: 233, 5445, 6346, 15061, 15387
  Ti108:     5: 113, 4727, 5513, 14908, 14726
  Ti109:     6: 15261, 6655, 697, 14952, 14987, 671
  Ti110:     5: 5348, 14918, 6483, 5539, 458
  Ti111:     5: 4821, 5617, 15170, 4806, 6598
  Ti112:     5: 148, 6167, 6236, 15527, 5996
  Ti113:     5: 15297, 4959, 15175, 860, 5600
  Ti114:     5: 157, 5134, 14840, 14985, 5979
  Ti115:     5: 4731, 14848, 569, 4649, 14972
  Ti116:     5: 5886, 4862, 6646, 5394, 6834
  Ti117:     5: 5227, 6119, 5590, 5176, 5520
  Ti118:     6: 5042, 5010, 15376, 5878, 949, 15338
  Ti119:     5: 5540, 35, 291, 15479, 4756
  Ti120:     6: 4922, 5907, 15558, 6625, 6198, 4859
  Ti121:     5: 5713, 15322, 6532, 881, 15053
  Ti122:     5: 4631, 5291, 15140, 15622, 15271
  Ti123:     5: 5068, 6864, 15422, 1014, 4882
  Ti124:     5: 5608, 14900, 6009, 6260, 4735
  Ti125:     5: 4940, 15406, 6019, 15366, 6737
  Ti126:     5: 4811, 6806, 5905, 5705, 4772
  Ti127:     5: 5427, 15619, 175, 4777, 709
  Ti128:     5: 4848, 15139, 15504, 5015, 6144
  Ti129:     5: 74, 5138, 5207, 15518, 4701
  Ti130:     5: 81, 6165, 14812, 15525, 60
  Ti131:     5: 5322, 6202, 14713, 47, 5888
  Ti132:     5: 5128, 15587, 4576, 6370, 143
  Ti133:     5: 5274, 118, 6526, 15562, 444
  Ti134:     5: 4602, 14860, 15076, 5284, 141
  Ti135:     5: 4954, 15291, 799, 5194, 14778
  Ti136:     5: 4580, 5156, 5500, 4716, 6404
  Ti137:     5: 154, 6242, 14704, 348, 6161
  Ti138:     5: 5104, 6107, 15081, 15467, 6362
  Ti139:     6: 15248, 15521, 5135, 6748, 14991, 6522
  Ti140:     5: 126, 5187, 6211, 6542, 14852
  Ti141:     5: 4952, 4915, 927, 15332, 5994
  Ti142:     5: 4606, 5472, 14926, 5413, 6438
  Ti143:     5: 5036, 15677, 4932, 4849, 15342
  Ti144:     5: 4643, 5267, 6197, 14950, 15557
  Ti145:     6: 147, 6235, 318, 15591, 5108, 4742
  Ti146:     6: 4712, 5484, 14880, 15101, 133, 4561
  Ti147:     5: 6468, 5170, 15460, 6648, 16
  Ti148:     5: 5468, 14764, 14834, 5490, 14814
  Ti149:     6: 4763, 4774, 6609, 4625, 776, 5374
  Ti150:     5: 4714, 6473, 5812, 4567, 547
  Ti151:     5: 217, 5421, 15029, 15661, 516
  Ti152:     5: 4799, 5696, 4780, 5581, 6573
  Ti153:     5: 4966, 15185, 6697, 6435, 5869
  Ti154:     5: 4826, 15038, 15420, 15039, 215
  Ti155:     5: 4653, 15188, 6527, 5455, 4943
  Ti156:     5: 4833, 5725, 5791, 15195, 5029
  Ti157:     5: 223, 6326, 15347, 15667, 14981
  Ti158:     5: 178, 5390, 6269, 5147, 15019
  Ti159:     5: 5011, 5056, 5933, 972, 5862
  Ti160:     5: 170, 15614, 4921, 15006, 6611
  Ti161:     5: 6842, 15022, 4796, 6694, 970
  Ti162:     5: 15314, 5420, 937, 15328, 5958
  Ti163:     6: 15010, 6265, 6022, 5026, 4866, 5874
  Ti164:     5: 4980, 5670, 6750, 4626, 15337
  Ti165:     5: 4809, 15156, 6158, 6512, 858
  Ti166:     5: 97, 5246, 6181, 15541, 5214
  Ti167:     5: 4976, 15235, 6554, 6716, 5816
  Ti168:     5: 5475, 14715, 14792, 64, 14781
  Ti169:     5: 4667, 15206, 6215, 5385, 4864
  Ti170:     5: 4578, 5242, 6228, 15074, 15585
  Ti171:     6: 130, 4534, 6256, 6109, 14885, 15469
  Ti172:     5: 5140, 6244, 15599, 14844, 14977
  Ti173:     6: 38, 14741, 15482, 15598, 5690, 5089
  Ti174:     5: 4614, 5300, 5669, 4782, 155
  Ti175:     5: 77, 14886, 5166, 5794, 6555
  Ti176:     5: 4970, 15330, 14928, 4893, 6773
  Ti177:     5: 5044, 15421, 4767, 921, 5007
  Ti178:     5: 4887, 5698, 6657, 4746, 15110
  Ti179:     5: 5023, 5883, 4612, 5963, 6659
  Ti180:     5: 195, 4647, 5370, 6289, 15639
  Ti181:     6: 5258, 14674, 14749, 6106, 5563, 15553
  Ti182:     6: 5107, 6219, 6110, 15154, 26, 15470
  Ti183:     6: 6100, 14685, 15464, 5512, 6104, 5691
  Ti184:     5: 70, 5099, 6154, 15514, 14676
  Ti185:     5: 14782, 5566, 6395, 5189, 368
  Ti186:     6: 5285, 6126, 14845, 15486, 14684, 15161
  Ti187:     5: 15138, 15257, 5437, 4917, 6318
  Ti188:     5: 699, 15070, 14745, 5332, 6351
  Ti189:     5: 15304, 15675, 6768, 911, 5441
  Ti190:     5: 6316, 494, 5344, 15196, 14854
  Ti191:     6: 15320, 5934, 4936, 5970, 5004, 756
  Ti192:     5: 4658, 5588, 801, 15145, 14882
  Ti193:     5: 15255, 6769, 6575, 14925, 5846
  Ti194:     5: 4773, 4991, 5806, 15007, 6046
  Ti195:     5: 161, 5687, 4700, 667, 5133
  Ti196:     5: 4850, 5771, 5876, 726, 5025
  Ti197:     6: 5715, 14996, 15355, 5253, 6143, 6724
  Ti198:     5: 938, 6782, 5446, 6705, 15266
  Ti199:     5: 15432, 898, 5743, 15217, 5065
  Ti200:     5: 5411, 6341, 15371, 15674, 4948
  Ti201:     5: 15440, 6860, 1012, 6855, 15400
  Ti202:     5: 4672, 5609, 14867, 15213, 5240
  Ti203:     5: 5053, 5966, 6739, 5955, 987
  Ti204:     5: 5110, 6148, 15508, 15181, 319
  Ti205:     5: 15292, 4593, 15574, 6324, 5454
  Ti206:     5: 69, 5222, 6153, 15513, 505
  Ti207:     5: 25, 14750, 5621, 15124, 5474
  Ti208:     5: 4587, 5514, 14865, 5983, 598
  Ti209:     5: 34, 14689, 6122, 4582, 15478
  Ti210:     5: 5605, 5674, 6760, 15285, 15272
  Ti211:     6: 5536, 15103, 5177, 748, 14758, 6643
  Ti212:     5: 5722, 6718, 15296, 5311, 868
  Ti213:     6: 15315, 15336, 820, 4858, 5624, 4771
  Ti214:     5: 6207, 15566, 14856, 14724, 15264
  Ti215:     5: 15135, 6391, 5371, 604, 6193
  Ti216:     5: 4837, 5681, 15141, 6421, 15234
  Ti217:     5: 5102, 14732, 6268, 22, 281
  Ti218:     6: 4699, 5564, 14774, 14905, 771, 15577
  Ti219:     5: 20, 5088, 15466, 95, 5079
  Ti220:     5: 13, 5152, 6097, 15457, 5489
  Ti221:     5: 6125, 14831, 15485, 5570, 41
  Ti222:     5: 5098, 15530, 5620, 42, 86
  Ti223:     5: 15036, 4846, 6584, 4607, 767
  Ti224:     5: 4541, 6177, 5174, 93, 4600
  Ti225:     5: 231, 6342, 6082, 6662, 564
  Ti226:     5: 137, 6224, 5923, 15537, 15659
  Ti227:     5: 5041, 4892, 5896, 15378, 985
  Ti228:     5: 5265, 768, 14770, 6686, 6461
  Ti229:     6: 15284, 6733, 15638, 6576, 15095, 5399
  Ti230:     5: 4829, 6226, 15318, 15583, 6751
  Ti231:     5: 6250, 15605, 6355, 59, 4856
  Ti232:     5: 4947, 5418, 15373, 15389, 5020
  Ti233:     6: 15503, 15546, 5762, 317, 4884, 75
  Ti234:     5: 4905, 15364, 6671, 15381, 964
  Ti235:     5: 4834, 14897, 955, 5904, 5288
  Ti236:     5: 5875, 15056, 15064, 745, 230
  Ti237:     5: 6017, 6004, 6857, 15349, 6846
  Ti238:     5: 4863, 5825, 15212, 6665, 4978
  Ti239:     5: 5061, 4951, 6721, 981, 15436
  Ti240:     5: 4751, 5780, 4816, 840, 6688
  Ti241:     5: 221, 15058, 15665, 6076, 4644
  Ti242:     5: 5315, 14723, 14874, 344, 5753
  Ti243:     6: 4568, 15079, 6359, 14976, 15580, 6413
  Ti244:     5: 129, 6214, 14932, 4748, 6589
  Ti245:     6: 5093, 6118, 14687, 5692, 6102, 18
  Ti246:     5: 4960, 5614, 5712, 6525, 4766
  Ti247:     6: 14690, 15462, 5565, 278, 5677, 53
  Ti248:     5: 78, 5225, 6162, 14883, 4640
  Ti249:     5: 4710, 5628, 14829, 5121, 753
  Ti250:     5: 5125, 6209, 15568, 4621, 122
  Ti251:     5: 109, 14795, 15620, 15083, 5233
  Ti252:     5: 15127, 5260, 6652, 727, 4805
  Ti253:     6: 4531, 14760, 419, 4673, 6469, 4792
  Ti254:     6: 135, 6221, 14835, 326, 4575, 15579
  Ti255:     6: 5476, 15539, 14697, 15146, 666, 6615
  Ti256:     6: 4585, 5486, 15073, 6424, 14810, 6365
  Ti257:     6: 5262, 6179, 6548, 5549, 15000, 15109
  Ti258:     5: 5181, 15625, 6170, 6273, 5286
  Ti259:     5: 4743, 15048, 6071, 4677, 224
  Ti260:     5: 4525, 14743, 14746, 5179, 6251
  Ti261:     6: 4835, 5746, 15060, 899, 4987, 6610
  Ti262:     5: 4542, 14767, 15581, 15606, 15069
  Ti263:     5: 5926, 15393, 6813, 4941, 15365
  Ti264:     5: 4579, 15483, 6123, 285, 39
  Ti265:     6: 5444, 6288, 15025, 5266, 6044, 14847
  Ti266:     5: 54, 139, 6138, 14721, 5542
  Ti267:     5: 4551, 5193, 4545, 14755, 102
  Ti268:     5: 4807, 14969, 15331, 626, 5927
  Ti269:     6: 5120, 6186, 15519, 14709, 5830, 14773
  Ti270:     5: 4935, 5910, 6818, 15363, 5901
  Ti271:     5: 6159, 6599, 5861, 438, 15220
  Ti272:     5: 4984, 5326, 15265, 15545, 101
  Ti273:     5: 5047, 15367, 4814, 4879, 6714
  Ti274:     5: 4717, 15256, 15561, 6741, 5251
  Ti275:     6: 5049, 15385, 991, 5799, 5019, 6833
  Ti276:     5: 4911, 15343, 700, 5708, 5737
  Ti277:     5: 4982, 5695, 4914, 6789, 831
  Ti278:     5: 4896, 15279, 15325, 15573, 4827
  Ti279:     6: 6223, 14892, 5919, 15489, 5119, 14868
  Ti280:     5: 4685, 4967, 15211, 6459, 4708
  Ti281:     6: 45, 5171, 6129, 136, 4615, 14759
  Ti282:     5: 211, 5382, 14963, 14995, 15655
  Ti283:     6: 4627, 5229, 6137, 537, 15088, 6464
  Ti284:     5: 5597, 15090, 15522, 14859, 5328
  Ti285:     5: 6212, 15571, 15497, 14789, 5972
  Ti286:     5: 124, 5256, 4624, 6284, 4550
  Ti287:     5: 176, 4553, 6266, 14818, 5205
  Ti288:     5: 4704, 15082, 15501, 14798, 5522
  Ti289:     6: 14923, 15631, 6516, 14980, 5017, 475
  Ti290:     6: 14716, 14838, 6192, 5297, 5124, 4601
  Ti291:     5: 5729, 15311, 15273, 1001, 6817
  Ti292:     5: 15097, 5255, 6478, 744, 5528
  Ti293:     5: 4995, 5916, 912, 15228, 15386
  Ti294:     5: 181, 14966, 445, 5467, 4711
  Ti295:     5: 5391, 5458, 6328, 15668, 530
  Ti296:     5: 5178, 14877, 380, 5480, 5976
  Ti297:     5: 4705, 5682, 15317, 14935, 685
  Ti298:     5: 162, 14794, 14850, 5466, 5160
  Ti299:     5: 5711, 15326, 15412, 14948, 5027
  Ti300:     6: 14739, 6210, 5101, 5112, 58, 15498
  Ti301:     5: 4781, 5595, 668, 5497, 194
  Ti302:     5: 4620, 5200, 14799, 14701, 385
  Ti303:     5: 6267, 14912, 15114, 177, 4726
  Ti304:     5: 5843, 15191, 15408, 947, 5855
  Ti305:     5: 4552, 14790, 15621, 5221, 14820
  Ti306:     5: 4998, 15187, 6448, 6783, 5560
  Ti307:     5: 5224, 15547, 533, 15092, 14772
  Ti308:     5: 6185, 14837, 6091, 4609, 5358
  Ti309:     5: 5301, 5603, 6187, 14727, 846
  Ti310:     5: 117, 14699, 6101, 5157, 14695
  Ti311:     5: 5632, 15423, 15410, 15026, 660
  Ti312:     5: 14915, 5943, 5405, 5506, 6201
  Ti313:     5: 4793, 5857, 15215, 6553, 15186
  Ti314:     5: 15176, 550, 5805, 5429, 6334
  Ti315:     6: 4675, 5349, 456, 15027, 6487, 5323
  Ti316:     5: 5672, 15021, 15050, 6080, 5451
  Ti317:     6: 5532, 15642, 15118, 6296, 14973, 4725
  Ti318:     5: 4999, 5447, 15262, 6311, 6759
  Ti319:     5: 5555, 15100, 14909, 621, 5544
  Ti320:     5: 4913, 15254, 15351, 902, 5839
  Ti321:     6: 4715, 127, 4720, 597, 15108, 14947
  Ti322:     5: 190, 14910, 15031, 15634, 5606
  Ti323:     5: 4543, 5238, 6281, 5492, 5971
  Ti324:     5: 57, 5172, 6141, 5772, 6385
  Ti325:     5: 15647, 5778, 15353, 5336, 15041
  Ti326:     6: 15165, 15552, 108, 4945, 5643, 592
  Ti327:     5: 15430, 6862, 15411, 4706, 883
  Ti328:     5: 4628, 14841, 5287, 5947, 5185
  Ti329:     6: 5066, 4953, 6761, 1006, 15409, 5980
  Ti330:     5: 4555, 5481, 14791, 94, 518
  Ti331:     5: 5000, 15259, 15180, 869, 4694
  Ti332:     5: 14753, 14803, 4569, 15449, 5755
  Ti333:     5: 5364, 6285, 14986, 6051, 5293
  Ti334:     5: 4659, 4532, 6353, 373, 14825
  Ti335:     5: 5324, 191, 4623, 200, 6298
  Ti336:     5: 125, 5188, 15502, 15569, 5967
  Ti337:     5: 5412, 15017, 15644, 6057, 515
  Ti338:     5: 5334, 6142, 14917, 6678, 4728
  Ti339:     5: 4651, 5319, 452, 6280, 4842
  Ti340:     5: 5798, 15346, 4994, 4899, 4761
  Ti341:     5: 4544, 15630, 186, 5988, 6348
  Ti342:     5: 14851, 5153, 14683, 5268, 5727
  Ti343:     6: 103, 5936, 15119, 519, 111, 5352
  Ti344:     5: 9, 5075, 15453, 5499, 52
  Ti345:     5: 5210, 14843, 15094, 4559, 5890
  Ti346:     5: 4571, 14740, 15461, 17, 14672
  Ti347:     5: 5271, 6286, 14922, 6053, 4608
  Ti348:     5: 15102, 5305, 4740, 6607, 830
  Ti349:     5: 5340, 5585, 192, 4785, 490
  Ti350:     5: 4907, 15240, 225, 4894, 5702
  Ti351:     5: 198, 6635, 15339, 718, 5720
  Ti352:     5: 4900, 15270, 15669, 6595, 5872
  Ti353:     6: 4668, 5331, 6248, 14989, 15603, 596
  Ti354:     5: 15171, 6545, 4988, 916, 15475
  Ti355:     5: 6254, 14956, 6028, 159, 6495
  Ti356:     5: 15333, 6666, 4860, 5296, 15236
  Ti357:     5: 5354, 165, 15609, 467, 5567
  Ti358:     5: 4989, 5844, 15334, 15399, 4974
  Ti359:     5: 4654, 6301, 14941, 187, 203
  Ti360:     5: 4877, 5586, 6702, 4592, 14788
  Ti361:     5: 5381, 521, 950, 5030, 5892
  Ti362:     6: 14924, 185, 15293, 6673, 4536, 552
  Ti363:     5: 15401, 6838, 5954, 6771, 5038
  Ti364:     5: 6178, 14738, 15538, 14827, 5082
  Ti365:     5: 4956, 5054, 15678, 6810, 774
  Ti366:     5: 2, 5081, 6045, 15446, 14665
  Ti367:     5: 4924, 15392, 859, 5443, 6510
  Ti368:     5: 50, 6134, 15494, 6085, 238
  Ti369:     6: 212, 15002, 15635, 6039, 5453, 15656
  Ti370:     5: 5, 14677, 37, 14752, 15084
  Ti371:     5: 4570, 14907, 6313, 5776, 4929
  Ti372:     5: 4566, 5469, 5503, 476, 4572
  Ti373:     5: 4861, 5436, 15221, 15112, 6634
  Ti374:     5: 15190, 14902, 6060, 15241, 689
  Ti375:     5: 14953, 15151, 5594, 15670, 6336
  Ti376:     6: 4996, 5841, 15302, 4825, 4904, 4830
  Ti377:     6: 14929, 6037, 5526, 4732, 6411, 5534
  Ti378:     5: 6136, 15117, 15496, 5095, 15239
  Ti379:     6: 4753, 15174, 15584, 4639, 6509, 5346
  Ti380:     6: 19, 6103, 15463, 14681, 5558, 15459
  Ti381:     5: 4790, 15555, 6195, 6588, 6398
  Ti382:     5: 15, 55, 6099, 5077, 15499
  Ti383:     5: 14826, 15636, 5941, 5409, 15595
  Ti384:     5: 4823, 5801, 14849, 6139, 4741
  Ti385:     6: 4660, 14895, 4903, 5393, 171, 151
  Ti386:     5: 5834, 15177, 6754, 882, 15275
  Ti387:     5: 6787, 5793, 15158, 4968, 919
  Ti388:     5: 90, 5320, 6174, 15534, 5736
  Ti389:     5: 4802, 15306, 642, 5992, 4977
  Ti390:     5: 4689, 5173, 5302, 14686, 3
  Ti391:     5: 4595, 14875, 6366, 15106, 5571
  Ti392:     5: 31, 4868, 6115, 14692, 5562
  Ti393:     5: 4760, 15116, 15473, 6528, 29
  Ti394:     5: 4590, 5525, 5667, 14911, 6394
  Ti395:     5: 4617, 14942, 5342, 5165, 6056
  Ti396:     5: 4630, 659, 15324, 6047, 193
  Ti397:     5: 15286, 15413, 4870, 5583, 5836
  Ti398:     5: 6279, 4657, 471, 15167, 15144
  Ti399:     5: 6836, 6709, 973, 15065, 5732
  Ti400:     5: 15474, 5086, 5363, 346, 15077
  Ti401:     5: 234, 6347, 5460, 5797, 755
  Ti402:     5: 6093, 14671, 15454, 30, 6114
  Ti403:     5: 15066, 5802, 570, 6728, 5885
  Ti404:     6: 1, 6025, 14666, 5071, 6098, 14
  Ti405:     6: 4934, 15395, 6805, 759, 5987, 15294
  Ti406:     5: 6121, 15481, 15458, 5234, 14748
  Ti407:     5: 15394, 889, 5048, 6003, 4897
  Ti408:     5: 4687, 5367, 6309, 15208, 464
  Ti409:     5: 15059, 15295, 6083, 5847, 6700
  Ti410:     5: 209, 4906, 5440, 15037, 5770
  Ti411:     5: 5383, 15052, 4670, 226, 5775
  Ti412:     5: 5416, 6295, 15168, 14979, 197
  Ti413:     5: 14949, 15179, 5422, 5991, 613
  Ti414:     5: 4586, 15641, 14959, 5488, 593
  Ti415:     5: 140, 6227, 14730, 14971, 5308
  Ti416:     5: 5163, 14747, 6112, 15086, 28
  Ti417:     5: 15219, 6577, 6674, 5832, 15227
  Ti418:     5: 5191, 14693, 15472, 4645, 416
  Ti419:     5: 4881, 5864, 6591, 6239, 673
  Ti420:     5: 5521, 5639, 568, 15276, 6582
  Ti421:     6: 6261, 15012, 4690, 15615, 5144, 5764
  Ti422:     5: 4749, 780, 4969, 6517, 15277
  Ti423:     5: 15216, 6720, 672, 14933, 5401
  Ti424:     6: 4618, 6120, 14832, 15480, 14707, 5078
  Ti425:     5: 15115, 15222, 856, 5239, 15645
  Ti426:     5: 6065, 14673, 15493, 6133, 14736
  Ti427:     6: 4691, 14763, 15484, 6105, 513, 14682
  Ti428:     5: 49, 51, 5096, 15495, 255
  Ti429:     5: 6113, 14691, 5076, 6096, 21
  Ti430:     5: 4678, 5241, 5347, 14775, 6135
  Ti431:     6: 4736, 14839, 5723, 6132, 386, 6497
  Ti432:     5: 4713, 5404, 6287, 14939, 15637
  Ti433:     6: 14983, 4983, 15477, 594, 4815, 6240
  Ti434:     5: 4831, 6550, 15045, 675, 15629
  Ti435:     6: 15245, 15362, 15354, 4888, 862, 4918
  Ti436:     5: 4560, 5504, 5638, 6340, 14735
  Ti437:     5: 4993, 5867, 6758, 15654, 5449
  Ti438:     6: 15452, 5485, 14667, 8, 4, 10
  Ti439:     5: 15298, 4889, 6644, 5021, 6781
  Ti440:     5: 5150, 6077, 15445, 4529, 5073
  Ti441:     5: 15390, 15309, 6786, 15662, 990
  Ti442:     5: 4652, 5464, 6408, 14783, 14668
  Ti443:     6: 5059, 15403, 4950, 5777, 6845, 998
  Ti444:     5: 5491, 5645, 15099, 809, 14931
  Ti445:     5: 5938, 6851, 15437, 5924, 6850
  Ti446:     5: 4961, 15323, 15653, 6715, 6679
  Ti447:     5: 5914, 6856, 4854, 4946, 5055
  Ti448:     5: 4681, 5377, 5607, 796, 6321
  Ti449:     5: 15594, 15388, 15402, 5052, 746
  Ti450:     5: 4650, 5359, 15663, 6452, 219
  Ti451:     5: 5353, 150, 5757, 6238, 6766
  Ti452:     5: 5414, 6430, 204, 488, 4591
  Ti453:     6: 4812, 6725, 4920, 886, 15666, 6779
  Ti454:     5: 5435, 6302, 14958, 14921, 6024
  Ti455:     5: 5009, 15380, 4832, 6770, 943
  Ti456:     5: 4965, 5822, 15183, 852, 15233
  Ti457:     5: 4986, 15369, 6790, 15032, 6656
  Ti458:     5: 5247, 6176, 14903, 15536, 427
  Ti459:     5: 201, 6299, 5366, 4817, 6059
  Ti460:     5: 92, 5714, 36, 5461, 14734
  Ti461:     5: 14756, 4696, 6374, 40, 6124
  Ti462:     5: 4526, 15447, 6203, 89, 5683
  Ti463:     6: 5087, 14678, 5666, 14670, 7, 5479
  Ti464:     5: 4597, 5220, 6173, 14779, 15533
  Ti465:     6: 12, 15456, 15465, 5494, 5091, 15450
  Ti466:     5: 5659, 5809, 15091, 15159, 829
  Ti467:     6: 4584, 15492, 48, 4530, 6222, 14731
  Ti468:     5: 4873, 5426, 6339, 15173, 15673
  Ti469:     6: 152, 6117, 4547, 14853, 5345, 15596
  Ti470:     5: 4789, 15164, 737, 5434, 6479
  Ti471:     5: 4762, 6539, 15549, 793, 15085
  Ti472:     5: 43, 4718, 6127, 14819, 15487
  Ti473:     5: 14965, 6058, 5707, 14957, 5402
  Ti474:     5: 5084, 14680, 6089, 6108, 5151
  Ti475:     5: 4758, 5424, 14964, 6310, 4632
  Ti476:     5: 27, 6111, 14675, 15448, 15471
  Ti477:     5: 218, 5431, 6320, 534, 6072
  Ti478:     5: 172, 5209, 15616, 14733, 5243
  Ti479:     5: 4783, 6558, 15435, 722, 5050
  Ti480:     6: 4599, 5290, 14889, 451, 4563, 6304
  Ti481:     5: 15023, 6043, 15433, 15344, 5920
  Ti482:     5: 205, 4798, 15030, 5733, 6062
  Ti483:     6: 5060, 4997, 4890, 961, 5069, 6811
  Ti484:     5: 4851, 15046, 15203, 863, 523
  Ti485:     5: 6016, 15397, 6859, 15427, 5034
  Ti486:     5: 5804, 15051, 6079, 15249, 5028
  Ti487:     5: 5995, 15424, 6832, 4949, 15312
  Ti488:     5: 4891, 15267, 4867, 4972, 5623
  Ti489:     6: 5937, 15013, 15383, 4702, 6325, 15282
  Ti490:     5: 4898, 15278, 15648, 5339, 6613
  Ti491:     6: 222, 535, 15149, 4679, 5767, 6494
  Ti492:     5: 4797, 653, 15559, 4910, 5661
  Ti493:     5: 5642, 15316, 4938, 6621, 708
  Ti494:     5: 4642, 14866, 15134, 4613, 5913
  Ti495:     6: 15042, 5548, 6081, 15288, 14904, 6568
  Ti496:     5: 120, 4528, 5105, 6205, 14754
  Ti497:     5: 4573, 5473, 15160, 4776, 4958
  Ti498:     5: 46, 6130, 14737, 5158, 15490
  Ti499:     6: 4583, 5155, 6087, 15451, 355, 6405
  Ti500:     5: 4738, 14896, 14711, 571, 5579
  Ti501:     5: 5149, 6086, 14688, 14669, 5511
  Ti502:     5: 4973, 5704, 15280, 15319, 877
  Ti503:     5: 33, 5159, 15067, 11, 5498
  Ti504:     5: 229, 4869, 15057, 6084, 553
  Ti505:     6: 14744, 6293, 6189, 14823, 382, 14816
  Ti506:     5: 15204, 15416, 798, 999, 5779
  Ti507:     5: 4646, 5212, 5226, 15123, 14729
  Ti508:     5: 4636, 14836, 5580, 5197, 5747
  Ti509:     5: 4759, 5533, 210, 620, 15321
  Ti510:     5: 24, 5092, 14698, 254, 15468
  Ti511:     5: 5576, 6442, 833, 670, 4992
  Ti512:     6: 5164, 14742, 15068, 6354, 426, 15506
  Ti513:     5: 4682, 14997, 5357, 892, 15015
  Ti514:     5: 4540, 14765, 6262, 6182, 5115
  Ti515:     5: 168, 5146, 15004, 15612, 15150
  Ti516:     5: 14802, 15120, 15649, 5524, 6677
  Ti517:     5: 173, 5316, 6263, 480, 15113
  Ti518:     5: 4928, 5450, 15308, 5557, 15370
  Ti519:     6: 5730, 4664, 4638, 657, 939, 14930
  Ti520:     5: 5001, 5884, 15415, 971, 5766
  Ti521:     5: 5662, 15438, 6849, 669, 6422
  Ti522:     5: 15384, 6767, 6820, 5773, 15356
  Ti523:     6: 5877, 5040, 976, 5627, 15193, 15024
  Ti524:     5: 15152, 925, 5840, 4937, 5835
  Ti525:     5: 5376, 6529, 15651, 15033, 207
  Ti526:     5: 115, 6199, 14809, 15588, 6379
  Ti527:     5: 6306, 14999, 14994, 5618, 15163
  Ti528:     5: 14722, 5818, 5372, 6160, 5523
  Ti529:     5: 4865, 15044, 4787, 15672, 15251
  Ti530:     5: 14806, 15107, 15564, 5250, 6475
  Ti531:     5: 228, 5433, 6338, 549, 15287
  Ti532:     5: 84, 5127, 6168, 15528, 6462
  Ti533:     5: 5653, 5837, 6738, 4629, 15244
  Ti534:     5: 4605, 5202, 14811, 15078, 6352
  Ti535:     5: 82, 6166, 14800, 14857, 5161
  Ti536:     5: 4581, 14807, 15593, 5136, 6171
  Ti537:     5: 4539, 5154, 15526, 14777, 6
  Ti538:     5: 4752, 14901, 15226, 87, 617
  Ti539:     6: 5094, 6095, 6196, 14679, 14887, 250
  Ti540:     5: 4926, 5024, 5887, 15379, 6837
  Ti541:     5: 15556, 6373, 561, 15197, 15243
  Ti542:     5: 5984, 6829, 5978, 871, 5005
  Ti543:     6: 5400, 105, 5944, 6234, 4577, 5953
  Ti544:     5: 4692, 5264, 6172, 15532, 5756
  Ti545:     6: 146, 14955, 5946, 4942, 492, 15590
  Ti546:     5: 4604, 5235, 5471, 6431, 88
  Ti547:     5: 5043, 15417, 6821, 15439, 1005
  Ti548:     5: 5184, 6146, 15096, 4562, 6458
  Ti549:     5: 4857, 15327, 6006, 6812, 5062
  Ti550:     5: 62, 15542, 91, 5810, 98
  Ti551:     5: 5649, 6258, 4719, 15303, 688
  Ti552:     5: 4538, 14762, 5977, 4931, 5186
  Ti553:     5: 5495, 15617, 14954, 6456, 739
  Ti554:     5: 14842, 586, 14780, 15476, 14855
  Ti555:     5: 182, 6274, 15626, 6031, 421
  Ti556:     5: 4594, 6233, 5974, 4803, 5685
  Ti557:     5: 189, 14937, 14916, 5201, 6055
  Ti558:     5: 15194, 5430, 15034, 5598, 6578
  Ti559:     5: 5356, 4804, 6283, 6560, 493
  Ti560:     5: 208, 6308, 15652, 5327, 544
  Ti561:     5: 4800, 5615, 5760, 4985, 6639
  Ti562:     5: 5231, 6231, 4565, 4610, 6410
  Ti563:     5: 4686, 6068, 5398, 6463, 5368
  Ti564:     5: 5118, 15520, 6521, 76, 144
  Ti565:     5: 5417, 6305, 15650, 6597, 206
  Ti566:     5: 4878, 5665, 15192, 15345, 5341
  Ti567:     5: 4901, 4919, 6735, 6683, 5610
  Ti568:     5: 4979, 5788, 4734, 930, 14884
  Ti569:     6: 4813, 15130, 6156, 584, 15516, 72
  Ti570:     5: 5596, 15299, 6537, 446, 6237
  Ti571:     5: 6206, 5925, 15565, 6400, 5317
  Ti572:     5: 149, 15531, 5139, 4588, 6371
  Ti573:     5: 5236, 15071, 121, 383, 5501
  Ti574:     5: 163, 6252, 15607, 6007, 5419
  Ti575:     5: 4688, 5538, 15455, 4730, 112
  Ti576:     5: 5051, 5940, 15016, 6847, 5866
  Ti577:     6: 5516, 5530, 721, 779, 15676, 5452
  Ti578:     5: 5035, 5928, 15357, 15274, 15429
  Ti579:     5: 4853, 15269, 6602, 5439, 6701
  Ti580:     5: 4939, 5425, 15372, 15646, 14990
  Ti581:     5: 4925, 15313, 5032, 936, 5392
  Ti582:     5: 5396, 14934, 6472, 202, 6300
  Ti583:     5: 5057, 5902, 15398, 992, 5993
  Ti584:     5: 4703, 14992, 14830, 6061, 5551
  Ti585:     5: 4981, 15418, 6852, 6793, 5582
  Ti586:     5: 5215, 6175, 15178, 15535, 14712
  Ti587:     5: 4786, 15018, 5584, 183, 6275
  Ti588:     5: 4695, 5276, 5307, 15126, 123
  Ti589:     5: 4548, 5249, 14833, 15627, 6032
  Ti590:     5: 5113, 6116, 6208, 15567, 5116
  Ti591:     5: 167, 5230, 6257, 14768, 14813
  Ti592:     5: 145, 5278, 14708, 15589, 14975
  Ti593:     5: 180, 4527, 14786, 6271, 5203
  Ti594:     5: 4661, 4801, 15200, 6784, 804
  Ti595:     5: 4683, 14940, 15237, 15633, 4666
  Ti596:     5: 5013, 5853, 6816, 952, 14946
  Ti597:     5: 5002, 15405, 6801, 5718, 6803
  Ti598:     5: 4765, 821, 14870, 6802, 5633
  Ti599:     5: 4707, 15250, 5734, 857, 5769
  Ti600:     5: 4744, 5589, 5593, 14984, 14945
  Ti601:     5: 5386, 14982, 15008, 15664, 4676
  Ti602:     5: 4754, 5807, 15128, 6507, 5787
  Ti603:     6: 4750, 15133, 6581, 4875, 784, 5397
  Ti604:     5: 4757, 5664, 15407, 4665, 5008
  Ti605:     5: 132, 5292, 6218, 14725, 14938
  Ti606:     5: 4768, 5591, 641, 14968, 158
  Ti607:     5: 4589, 14797, 5750, 6356, 15080
  Ti608:     5: 4739, 5510, 15182, 14861, 4855
  Ti609:     5: 4596, 5277, 14879, 15586, 6229
  Ti610:     5: 4964, 5647, 14878, 6703, 4876
  Ti611:     5: 160, 5380, 6249, 14961, 15604
  Ti612:     5: 5003, 910, 15368, 15242, 4724
  Ti613:     5: 4883, 15062, 15247, 4902, 232
  Ti614:     5: 4912, 5395, 5657, 15301, 6695
  Ti615:     5: 6345, 15063, 6092, 4886, 565
  Ti616:     5: 4794, 4990, 5824, 6772, 928
  Ti617:     5: 15360, 6641, 6822, 907, 5918
  Ti618:     5: 4944, 5428, 5906, 15232, 4684
  Ti619:     5: 4885, 15225, 15359, 6565, 15515
  Ti620:     5: 213, 5407, 6314, 14974, 15657
  Ti621:     5: 134, 4818, 5752, 14967, 5998
  Ti622:     5: 4697, 4955, 5699, 4656, 6511
  Ti623:     5: 4546, 5228, 14776, 14796, 392
  Ti624:     5: 4795, 5629, 5724, 15202, 781
  Ti625:     5: 104, 4554, 14793, 15524, 6333
  Ti626:     5: 4721, 4836, 5646, 14805, 32
  Ti627:     5: 4729, 5263, 15087, 15089, 15611
  Ti628:     5: 107, 5282, 6191, 15551, 5881
  Ti629:     5: 153, 4557, 5248, 14824, 6272
  Ti630:     5: 4662, 5701, 5295, 822, 14863
  Ti631:     5: 14899, 15162, 15624, 353, 5318
  Ti632:     5: 4791, 5738, 15404, 15414, 4975
  Ti633:     5: 4895, 15350, 5962, 6717, 891
  Ti634:     5: 4847, 5012, 5831, 15310, 5850
  Ti635:     5: 4824, 5006, 15329, 6798, 904
  Ti636:     5: 164, 5129, 5379, 6253, 15608
  Ti637:     5: 220, 5373, 6323, 15040, 4840
  Ti638:     5: 61, 5254, 6145, 14978, 15505
  Ti639:     5: 15229, 5616, 15043, 6675, 6608
  Ti640:     5: 67, 5196, 6151, 15129, 15511
  Ti641:     5: 4916, 15218, 15268, 15576, 679
  Ti642:     5: 5132, 5313, 6247, 15602, 14970
  Ti643:     5: 4564, 4764, 5541, 15093, 15660
  Ti644:     5: 4635, 5592, 14960, 790, 15305
  Ti645:     5: 142, 5141, 14821, 15640, 5922
  Ti646:     5: 116, 5303, 5337, 6200, 15560
  Ti647:     5: 4669, 4871, 15155, 14891, 6441
  Ti648:     5: 106, 5280, 6190, 15283, 15550
